A   203 O1  A   210 H2           4.398   3.829   3.872   3.722    -0.6    -0.5    -0.7     0.0    -0.1    -0.1
A   203 O1  C   59  HB1          2.883   4.079   4.001   3.906     1.2     1.1     1.0    -0.1    -0.1    -0.2
A   203 O1  C   59  HB3          2.805   4.048   4.139   4.001     1.2     1.3     1.2     0.1    -0.1    -0.0
A   203 O1  C   60  HA           3.265   3.093   3.345   3.331    -0.2     0.1     0.1     0.3    -0.0     0.2
A   203 O1  C   60  HB2          4.113   4.392   4.673   4.688     0.3     0.6     0.6     0.3     0.0     0.3
A   203 O1  C   63  HD2          3.234   2.836   2.853   2.863    -0.4    -0.4    -0.4     0.0     0.0     0.0
A   203 O1  C   63  HD3          3.483   3.047   3.176   3.254    -0.4    -0.3    -0.2     0.1     0.1     0.2
A   203 O1  C   63  HE           4.061   4.914   4.881   4.981     0.9     0.8     0.9    -0.0     0.1     0.1
A   203 O1  C   63  HH11         3.073   1.655   1.665   1.670    -1.4    -1.4    -1.4     0.0     0.0     0.0
A   203 O1  C   63  HH12         3.473   3.147   3.161   3.121    -0.3    -0.3    -0.4     0.0    -0.0    -0.0
A   203 O2  A   210 H1           3.270   3.052   3.066   3.084    -0.2    -0.2    -0.2     0.0     0.0     0.0
A   203 O2  A   210 H2           2.491   1.704   1.712   1.730    -0.8    -0.8    -0.8     0.0     0.0     0.0
A   203 O2  C   57  HB2          3.305   3.426   3.609   3.369     0.1     0.3     0.1     0.2    -0.2    -0.1
A   203 O2  C   57  HB3          3.876   4.084   4.260   3.908     0.2     0.4     0.0     0.2    -0.4    -0.2
A   203 O2  C   57  HD2          4.314   4.327   4.360   4.298     0.0     0.0    -0.0     0.0    -0.1    -0.0
A   203 O2  C   59  HB1          4.323   4.585   4.385   3.808     0.3     0.1    -0.5    -0.2    -0.6    -0.8
A   203 O2  C   59  HB3          3.340   3.670   3.590   2.910     0.3     0.3    -0.4    -0.1    -0.7    -0.8
A   203 O2  C   60  H01          4.789   4.333   4.408   4.311    -0.5    -0.4    -0.5     0.1    -0.1    -0.0
A   203 O2  C   60  H            3.345   3.847   4.009   3.627     0.5     0.7     0.3     0.2    -0.4    -0.2
A   203 O2  C   60  HA           3.451   2.767   2.789   2.705    -0.7    -0.7    -0.7     0.0    -0.1    -0.1
A   203 O2  C   60  HB2          2.782   2.539   2.760   2.758    -0.2    -0.0    -0.0     0.2    -0.0     0.2
A   203 O2  C   60  HB3          4.252   4.190   4.377   4.359    -0.1     0.1     0.1     0.2    -0.0     0.2
A   203 O2  C   60  HG3          4.157   2.784   2.834   2.942    -1.4    -1.3    -1.2     0.0     0.1     0.2
A   203 O2  C   60  HD2          4.343   3.437   3.624   4.000    -0.9    -0.7    -0.3     0.2     0.4     0.6
A   203 O2  C   63  HD2          4.766   4.458   4.326   4.423    -0.3    -0.4    -0.3    -0.1     0.1    -0.0
A   203 O2  C   63  HD3          4.855   3.944   3.904   3.952    -0.9    -1.0    -0.9    -0.0     0.0     0.0
A   203 O2  C   63  HH11         4.175   2.675   2.658   2.865    -1.5    -1.5    -1.3    -0.0     0.2     0.2
A   203 O2  C   63  HH12         3.769   3.468   3.523   3.835    -0.3    -0.2     0.1     0.1     0.3     0.4
A   203 O3  A   7   HH11         3.479   3.710   3.679   3.786     0.2     0.2     0.3    -0.0     0.1     0.1
A   203 O3  A   7   HH12         1.998   1.973   1.932   2.045    -0.0    -0.1     0.0    -0.0     0.1     0.1
A   203 O3  A   7   HH21         3.477   3.587   3.605   3.580     0.1     0.1     0.1     0.0    -0.0    -0.0
A   203 O3  A   7   HH22         1.997   1.835   1.854   1.831    -0.2    -0.1    -0.2     0.0    -0.0    -0.0
A   203 O3  A   90  HB3          4.518   4.618   4.713   4.647     0.1     0.2     0.1     0.1    -0.1     0.0
A   203 O3  A   90  HG2          3.875   4.043   4.077   4.075     0.2     0.2     0.2     0.0    -0.0     0.0
A   203 O3  A   90  HD2          3.680   2.422   2.462   2.407    -1.3    -1.2    -1.3     0.0    -0.1    -0.0
A   203 O3  A   90  HD3          2.767   2.990   2.882   2.883     0.2     0.1     0.1    -0.1     0.0    -0.1
A   203 O3  A   90  HH11         3.397   3.095   2.971   2.848    -0.3    -0.4    -0.5    -0.1    -0.1    -0.2
A   203 O3  A   90  HH12         4.756   4.787   4.664   4.460     0.0    -0.1    -0.3    -0.1    -0.2    -0.3
A   203 O3  A   108 HE1          3.037   2.973   3.008   2.874    -0.1    -0.0    -0.2     0.0    -0.1    -0.1
A   203 O3  A   108 HH           3.312   2.770   2.797   2.850    -0.5    -0.5    -0.5     0.0     0.1     0.1
A   203 O3  A   115 HB2          4.846   4.808   4.880   4.668    -0.0     0.0    -0.2     0.1    -0.2    -0.1
A   203 O3  A   115 HB3          3.979   3.757   3.773   3.668    -0.2    -0.2    -0.3     0.0    -0.1    -0.1
A   203 O3  A   115 HD11         4.220   4.456   4.382   4.445     0.2     0.2     0.2    -0.1     0.1    -0.0
A   203 O3  A   115 HD12         4.065   4.111   4.159   4.006     0.0     0.1    -0.1     0.0    -0.2    -0.1
A   203 O3  A   115 HD13         2.870   2.818   2.761   2.793    -0.1    -0.1    -0.1    -0.1     0.0    -0.0
A   203 O3  A   115 HD22         4.416   4.397   4.203   4.462    -0.0    -0.2     0.0    -0.2     0.3     0.1
A   203 O3  C   74  HG1          4.917   4.755   4.839   4.970    -0.2    -0.1     0.1     0.1     0.1     0.2
A   203 O4  A   7   HH11         3.816   4.621   4.546   4.452     0.8     0.7     0.6    -0.1    -0.1    -0.2
A   203 O4  A   7   HH12         2.671   3.066   3.020   2.978     0.4     0.3     0.3    -0.0    -0.0    -0.1
A   203 O4  A   7   HH22         3.781   3.294   3.265   3.270    -0.5    -0.5    -0.5    -0.0     0.0    -0.0
A   203 O4  A   90  HD3          4.884   4.965   4.891   4.992     0.1     0.0     0.1    -0.1     0.1     0.0
A   203 O4  A   108 HE1          2.885   2.796   2.834   2.875    -0.1    -0.1    -0.0     0.0     0.0     0.1
A   203 O4  A   108 HH           2.182   1.658   1.658   1.694    -0.5    -0.5    -0.5     0.0     0.0     0.0
A   203 O4  A   115 H01          4.602   4.557   4.701   4.712    -0.0     0.1     0.1     0.1     0.0     0.2
A   203 O4  A   115 HB2          4.164   3.942   4.146   4.108    -0.2    -0.0    -0.1     0.2    -0.0     0.2
A   203 O4  A   115 HB3          3.101   2.672   2.776   2.946    -0.4    -0.3    -0.2     0.1     0.2     0.3
A   203 O4  A   115 HD12         4.582   4.531   4.675   4.731    -0.1     0.1     0.1     0.1     0.1     0.2
A   203 O4  A   115 HD13         3.575   3.519   3.546   3.803    -0.1    -0.0     0.2     0.0     0.3     0.3
A   203 O4  A   115 HD22         4.449   4.289   4.161   4.670    -0.2    -0.3     0.2    -0.1     0.5     0.4
A   203 O5  A   7   HH12         4.576   3.820   3.847   3.805    -0.8    -0.7    -0.8     0.0    -0.0    -0.0
A   203 O5  A   90  HD2          3.818   3.995   3.919   4.014     0.2     0.1     0.2    -0.1     0.1     0.0
A   203 O5  A   90  HD3          4.509   4.910   4.788   4.942     0.4     0.3     0.4    -0.1     0.2     0.0
A   203 O5  A   90  HH11         4.106   3.675   3.645   3.921    -0.4    -0.5    -0.2    -0.0     0.3     0.2
A   203 O5  C   57  HB3          4.734   4.494   4.562   4.640    -0.2    -0.2    -0.1     0.1     0.1     0.1
A   203 O5  C   59  HB2          4.596   4.259   4.291   4.203    -0.3    -0.3    -0.4     0.0    -0.1    -0.1
A   203 O5  C   59  HB3          4.655   4.025   4.249   4.459    -0.6    -0.4    -0.2     0.2     0.2     0.4
A   203 O5  C   74  HA           2.551   2.386   2.397   2.289    -0.2    -0.2    -0.3     0.0    -0.1    -0.1
A   203 O5  C   74  HB           4.712   4.181   4.178   4.112    -0.5    -0.5    -0.6    -0.0    -0.1    -0.1
A   203 O5  C   74  HG1          3.794   3.545   3.511   3.500    -0.2    -0.3    -0.3    -0.0    -0.0    -0.0
A   203 O5  C   74  HG23         4.776   4.992   4.927   4.845     0.2     0.2     0.1    -0.1    -0.1    -0.1
A   203 O5  C   75  H01          3.934   4.689   4.647   4.600     0.8     0.7     0.7    -0.0    -0.0    -0.1
A   203 O5  C   75  H02          4.580   4.167   4.058   3.969    -0.4    -0.5    -0.6    -0.1    -0.1    -0.2
A   203 O5  C   75  H            2.468   2.160   2.079   1.967    -0.3    -0.4    -0.5    -0.1    -0.1    -0.2
A   203 O7  A   7   HH12         4.345   4.036   4.113   4.370    -0.3    -0.2     0.0     0.1     0.3     0.3
A   203 O7  A   7   HH22         4.561   4.531   4.535   4.538    -0.0    -0.0    -0.0     0.0     0.0     0.0
A   203 O7  A   90  HD2          4.292   3.868   4.034   4.171    -0.4    -0.3    -0.1     0.2     0.1     0.3
A   203 O7  A   90  HD3          3.487   3.630   3.596   3.591     0.1     0.1     0.1    -0.0    -0.0    -0.0
A   203 O7  A   90  HH11         2.228   1.884   1.849   2.019    -0.3    -0.4    -0.2    -0.0     0.2     0.1
A   203 O7  A   90  HH12         2.898   2.946   2.891   2.895     0.0    -0.0    -0.0    -0.1     0.0    -0.1
A   203 O7  A   115 HB3          3.937   4.273   4.121   3.326     0.3     0.2    -0.6    -0.2    -0.8    -0.9
A   203 O7  A   115 HD11         4.068   4.704   4.357   4.097     0.6     0.3     0.0    -0.3    -0.3    -0.6
A   203 O7  A   115 HD13         3.116   3.471   3.259   2.777     0.4     0.1    -0.3    -0.2    -0.5    -0.7
A   203 O7  A   115 HD21         3.880   4.563   4.031   3.871     0.7     0.2    -0.0    -0.5    -0.2    -0.7
A   203 O7  A   115 HD22         2.782   3.275   2.804   2.456     0.5     0.0    -0.3    -0.5    -0.3    -0.8
A   203 O7  C   57  HD2          4.898   4.124   4.091   4.378    -0.8    -0.8    -0.5    -0.0     0.3     0.3
A   203 O7  C   57  HE2          4.736   4.269   4.150   4.172    -0.5    -0.6    -0.6    -0.1     0.0    -0.1
A   203 HO5 A   7   NH1          4.742   3.746   3.710   3.621    -1.0    -1.0    -1.1    -0.0    -0.1    -0.1
A   203 HO5 A   7   NH2          4.748   4.888   4.849   4.808     0.1     0.1     0.1    -0.0    -0.0    -0.1
A   203 HO5 A   90  NE           4.682   3.565   3.427   3.438    -1.1    -1.3    -1.2    -0.1     0.0    -0.1
A   203 HO5 A   90  NH1          4.452   3.996   3.956   3.956    -0.5    -0.5    -0.5    -0.0     0.0    -0.0
A   203 HO5 C   73  O            4.825   4.054   4.075   4.017    -0.8    -0.8    -0.8     0.0    -0.1    -0.0
A   203 HO5 C   74  N            4.746   4.156   4.171   4.102    -0.6    -0.6    -0.6     0.0    -0.1    -0.1
A   203 HO5 C   74  OG1          2.587   1.894   1.866   1.850    -0.7    -0.7    -0.7    -0.0    -0.0    -0.0
A   203 HO5 C   75  N            3.119   3.018   3.027   3.010    -0.1    -0.1    -0.1     0.0    -0.0    -0.0
A   203 H01 C   63  NH1          3.496   4.207   3.631   3.651     0.7     0.1     0.2    -0.6     0.0    -0.6
A   203 H02 A   7   NH1          4.242   4.666   4.388   4.173     0.4     0.1    -0.1    -0.3    -0.2    -0.5
A   203 H02 C   73  O            3.894   4.030   3.866   3.932     0.1    -0.0     0.0    -0.2     0.1    -0.1
A   203 H03 A   90  NH1          4.933   4.747   4.779   4.584    -0.2    -0.2    -0.3     0.0    -0.2    -0.2
A   203 H03 A   210 O            3.042   2.674   2.645   2.672    -0.4    -0.4    -0.4    -0.0     0.0    -0.0
A   203 H04 A   7   NH1          3.683   2.993   3.210   3.490    -0.7    -0.5    -0.2     0.2     0.3     0.5
A   203 H04 A   7   NH2          3.801   3.920   4.084   4.341     0.1     0.3     0.5     0.2     0.3     0.4
A   203 H04 A   90  NE           4.226   3.641   3.462   3.293    -0.6    -0.8    -0.9    -0.2    -0.2    -0.3
A   203 H04 A   90  NH1          3.522   3.420   3.109   2.712    -0.1    -0.4    -0.8    -0.3    -0.4    -0.7
A   203 H04 C   73  O            4.849   4.311   4.508   4.745    -0.5    -0.3    -0.1     0.2     0.2     0.4
A   203 H04 C   74  OG1          3.597   3.436   3.599   3.746    -0.2     0.0     0.1     0.2     0.1     0.3
A   203 H05 A   90  NE           4.664   4.242   4.281   4.600    -0.4    -0.4    -0.1     0.0     0.3     0.4
A   203 H05 A   90  NH1          2.940   2.698   2.691   3.152    -0.2    -0.2     0.2    -0.0     0.5     0.5
A   203 H05 A   90  NH2          4.819   3.836   3.708   3.577    -1.0    -1.1    -1.2    -0.1    -0.1    -0.3
A   203 H06 A   210 O            2.901   3.562   3.418   3.542     0.7     0.5     0.6    -0.1     0.1    -0.0
A   203 H06 C   63  NH1          4.092   4.465   4.038   3.894     0.4    -0.1    -0.2    -0.4    -0.1    -0.6
A   203 H07 A   7   NE           4.398   4.861   4.796   4.815     0.5     0.4     0.4    -0.1     0.0    -0.0
A   203 H07 A   7   NH1          2.649   2.737   2.684   2.694     0.1     0.0     0.0    -0.1     0.0    -0.0
A   203 H07 A   7   NH2          4.158   4.835   4.767   4.777     0.7     0.6     0.6    -0.1     0.0    -0.1
A   203 H07 C   73  O            2.531   2.222   2.201   2.267    -0.3    -0.3    -0.3    -0.0     0.1     0.0
A   203 H07 C   74  N            3.709   3.655   3.556   3.575    -0.1    -0.2    -0.1    -0.1     0.0    -0.1
A   203 H07 C   74  OG1          3.329   3.847   3.688   3.716     0.5     0.4     0.4    -0.2     0.0    -0.1
A   203 H07 C   75  N            4.686   4.793   4.618   4.579     0.1    -0.1    -0.1    -0.2    -0.0    -0.2
