A   7   CA         0.0     0.0     0.0     0.0     0.0     0.0
A   7   CB         0.0     0.0     0.0     0.0     0.0     0.0
A   7   CG         0.1     0.1     0.1     0.0    -0.0    -0.0
A   7   CD         0.2     0.2     0.2     0.0    -0.0     0.0
A   7   NE         0.2     0.2     0.2     0.0    -0.0     0.0
A   7   CZ         0.1     0.2     0.2     0.0    -0.0     0.0
A   7   NH1        0.5     0.6     0.6     0.0     0.0     0.1
A   7   NH2        0.5     0.6     0.6     0.1    -0.0     0.0
A   7   H01        0.6     0.6     0.6     0.0    -0.0    -0.0
A   7   H02        0.6     0.6     0.6     0.0    -0.0    -0.0
A   7   HA         0.6     0.6     0.6     0.0    -0.0    -0.0
A   7   HB2        0.1     0.2     0.1     0.0    -0.0    -0.0
A   7   HB3        0.2     0.2     0.2     0.0    -0.0     0.0
A   7   HG2        0.2     0.2     0.2     0.0    -0.0    -0.0
A   7   HG3        0.1     0.1     0.1     0.0    -0.0    -0.0
A   7   HD2        0.3     0.3     0.3     0.0    -0.0     0.0
A   7   HD3        0.2     0.2     0.2     0.0    -0.0     0.0
A   7   HE         0.5     0.6     0.6     0.1    -0.0     0.1
A   7   HH11       1.1     1.1     1.1     0.0     0.0     0.0
A   7   HH12       0.6     0.6     0.7     0.0     0.1     0.1
A   7   HH21       1.2     1.2     1.2     0.1    -0.0     0.1
A   7   HH22       0.7     0.7     0.7     0.1    -0.0     0.0
A   90  CA         0.0     0.0     0.0     0.0     0.0     0.0
A   90  CB         0.0     0.0     0.0     0.0     0.0     0.0
A   90  CG         0.1     0.2     0.1     0.0    -0.0    -0.0
A   90  CD         0.5     0.6     0.5     0.1    -0.0     0.1
A   90  NE         1.8     1.9     1.8     0.0    -0.0     0.0
A   90  CZ         2.1     2.1     2.1    -0.0     0.1     0.0
A   90  NH1        1.1     1.1     1.1    -0.0     0.0     0.0
A   90  NH2        3.3     3.3     3.4    -0.1     0.2     0.1
A   90  H01        0.2     0.3     0.2     0.0    -0.0     0.0
A   90  H03        0.2     0.3     0.2     0.0    -0.0     0.0
A   90  HA         0.2     0.3     0.3     0.0    -0.0     0.0
A   90  HB2        0.1     0.1     0.1    -0.0     0.0    -0.0
A   90  HB3        0.1     0.1     0.1     0.0    -0.0    -0.0
A   90  HG2        0.2     0.1     0.2    -0.0     0.1     0.0
A   90  HG3        0.4     0.4     0.5    -0.0     0.0     0.0
A   90  HD2        1.4     1.5     1.5     0.1     0.0     0.1
A   90  HD3        0.5     0.4     0.4    -0.1     0.1    -0.0
A   90  HE         2.7     2.8     2.7     0.0    -0.0     0.0
A   90  HH11       0.7     0.7     0.6     0.0    -0.1    -0.1
A   90  HH12       1.4     1.3     1.4    -0.1     0.1    -0.0
A   90  HH21       4.0     4.0     4.2    -0.1     0.2     0.1
A   90  HH22       3.9     3.8     3.9    -0.1     0.1     0.0
A   108 CA         0.0     0.0     0.0     0.0     0.0     0.0
A   108 CB         0.0     0.0     0.0     0.0     0.0     0.0
A   108 CG         0.2     0.2     0.2    -0.0    -0.0    -0.0
A   108 CD1        0.3     0.4     0.3     0.0    -0.0    -0.0
A   108 CD2        0.3     0.3     0.3    -0.0    -0.0    -0.0
A   108 CE1        0.5     0.5     0.4    -0.0    -0.1    -0.1
A   108 CE2        0.4     0.4     0.4    -0.0    -0.0    -0.1
A   108 CZ         0.5     0.5     0.4    -0.0    -0.1    -0.1
A   108 OH         0.7     0.7     0.6    -0.0    -0.1    -0.1
A   108 H01        0.3     0.3     0.2    -0.0    -0.0    -0.0
A   108 H02        0.3     0.3     0.3    -0.0    -0.0    -0.0
A   108 HA         0.3     0.3     0.3    -0.0    -0.0    -0.0
A   108 HB2        0.2     0.2     0.2    -0.0    -0.0    -0.0
A   108 HB3        0.2     0.2     0.2    -0.0    -0.0    -0.0
A   108 HD1        0.5     0.5     0.5     0.0    -0.0    -0.0
A   108 HD2        0.3     0.3     0.3     0.0    -0.0     0.0
A   108 HE1        0.7     0.7     0.7     0.0    -0.1    -0.1
A   108 HE2        0.5     0.5     0.4    -0.0    -0.0    -0.0
A   108 HH         0.9     0.8     0.7    -0.1    -0.1    -0.2
A   115 CA         0.0     0.0     0.0     0.0     0.0     0.0
A   115 CB         0.0     0.0     0.0     0.0     0.0     0.0
A   115 CG         0.1     0.1     0.2     0.0     0.1     0.1
A   115 CD1        0.2     0.2     0.2     0.0    -0.0     0.0
A   115 CD2        0.2     0.1     0.4    -0.1     0.2     0.2
A   115 H01        0.4     0.5     0.3     0.1    -0.2    -0.1
A   115 H02        0.4     0.5     0.3     0.1    -0.2    -0.1
A   115 HA         0.4     0.5     0.3     0.1    -0.2    -0.1
A   115 HB2        0.1     0.1     0.2     0.0     0.0     0.0
A   115 HB3        0.1     0.1     0.2     0.0     0.0     0.0
A   115 HG         0.3     0.1     0.4    -0.1     0.2     0.1
A   115 HD11       0.4     0.4     0.4    -0.0     0.0     0.0
A   115 HD12       0.2     0.2     0.2     0.0    -0.0    -0.0
A   115 HD13       0.3     0.3     0.3    -0.0     0.1     0.0
A   115 HD21       0.4     0.2     0.5    -0.1     0.3     0.2
A   115 HD22       0.2     0.2     0.4     0.0     0.1     0.1
A   115 HD23       0.3     0.3     0.5    -0.1     0.2     0.2
A   203 C1         0.5     0.4     0.6    -0.1     0.2     0.1
A   203 O1         1.0     1.1     1.1     0.1     0.0     0.1
A   203 C2         0.6     0.4     0.4    -0.1    -0.0    -0.2
A   203 O2         0.5     0.5     0.5     0.0     0.0     0.0
A   203 C3         0.6     0.5     0.4    -0.1    -0.1    -0.2
A   203 O3         0.3     0.3     0.3     0.0    -0.0     0.0
A   203 C4         0.5     0.5     0.4    -0.1    -0.0    -0.1
A   203 O4         0.4     0.3     0.2    -0.1    -0.1    -0.2
A   203 C5         0.4     0.5     0.8     0.1     0.3     0.4
A   203 O5         0.5     0.3     0.3    -0.2    -0.0    -0.2
A   203 C6         0.5     0.4     0.3    -0.0    -0.2    -0.2
A   203 O7         0.5     0.3     0.6    -0.2     0.3     0.1
A   203 C8         0.3     0.3     0.3    -0.0    -0.0    -0.0
A   203 C9         0.8     0.4     0.4    -0.4     0.0    -0.4
A   203 C10        0.5     0.6     0.5     0.1    -0.1    -0.0
A   203 C11        0.3     0.3     0.2    -0.0    -0.1    -0.1
A   203 HO5        0.8     0.7     0.8    -0.1     0.0    -0.0
A   203 H01        1.3     0.5     0.3    -0.7    -0.3    -1.0
A   203 H02        0.6     0.4     0.5    -0.2     0.1    -0.1
A   203 H03        0.4     0.4     0.3     0.0    -0.1    -0.1
A   203 H04        0.6     0.6     0.6    -0.1    -0.0    -0.1
A   203 H05        0.6     0.6     1.2     0.0     0.6     0.7
A   203 H06        0.8     0.4     0.2    -0.5    -0.2    -0.6
A   203 H07        0.7     0.6     0.6    -0.1    -0.0    -0.2
A   210 O          1.0     1.0     1.1     0.0     0.1     0.1
A   210 H1         0.4     0.5     0.6     0.0     0.2     0.2
A   210 H2         1.8     1.8     2.0    -0.0     0.2     0.2
C   57  CA         0.0     0.0     0.0     0.0     0.0     0.0
C   57  CB         0.0     0.0     0.0     0.0     0.0     0.0
C   57  CG         0.1     0.1     0.1    -0.0    -0.0    -0.0
C   57  CD1        0.4     0.4     0.4     0.0     0.0     0.1
C   57  CD2        0.3     0.3     0.3     0.0    -0.0    -0.0
C   57  CE1        0.5     0.5     0.5    -0.0     0.0    -0.0
C   57  CE2        0.3     0.3     0.2    -0.0    -0.0    -0.1
C   57  CZ         0.3     0.2     0.2    -0.1    -0.1    -0.2
C   57  H01        0.3     0.3     0.2    -0.0    -0.0    -0.1
C   57  H02        0.3     0.3     0.2    -0.0    -0.0    -0.1
C   57  HA         0.3     0.3     0.3    -0.0    -0.0    -0.1
C   57  HB2        0.1     0.1     0.1    -0.0    -0.0    -0.0
C   57  HB3        0.1     0.1     0.1    -0.0    -0.0    -0.0
C   57  HD1        0.6     0.6     0.7     0.0     0.0     0.1
C   57  HD2        0.5     0.5     0.6     0.1     0.0     0.1
C   57  HE1        0.8     0.8     0.8    -0.0     0.0    -0.0
C   57  HE2        0.4     0.5     0.5     0.0     0.0     0.0
C   57  HZ         0.5     0.3     0.3    -0.1    -0.1    -0.2
C   59  CA         0.0     0.0     0.0     0.0     0.0     0.0
C   59  C          0.1     0.1     0.1    -0.0    -0.0    -0.1
C   59  O          0.7     0.7     0.6    -0.0    -0.1    -0.1
C   59  CB         0.3     0.3     0.3     0.0     0.0     0.1
C   59  H02        0.2     0.2     0.3     0.1     0.0     0.1
C   59  HA         0.1     0.2     0.2     0.0     0.1     0.1
C   59  HB1        0.3     0.4     0.4     0.0     0.0     0.1
C   59  HB2        0.4     0.5     0.5     0.0     0.0     0.1
C   59  HB3        0.4     0.4     0.5     0.1     0.0     0.1
C   60  N          0.4     0.4     0.4     0.0     0.1     0.1
C   60  CA         0.0     0.0     0.0     0.0     0.0     0.0
C   60  CB         0.0     0.0     0.0     0.0     0.0     0.0
C   60  CG         0.6     0.6     0.7     0.0     0.1     0.1
C   60  CD         0.8     0.8     0.8    -0.0    -0.0    -0.1
C   60  CE         1.5     1.5     1.5     0.0     0.1     0.1
C   60  NZ         1.8     1.8     1.6     0.0    -0.2    -0.2
C   60  H01        0.3     0.3     0.4     0.0     0.0     0.0
C   60  H          0.7     0.7     0.7     0.0    -0.0    -0.0
C   60  HA         0.3     0.3     0.3     0.0     0.0     0.0
C   60  HB2        0.4     0.4     0.5     0.0     0.1     0.1
C   60  HB3        0.4     0.4     0.5     0.0     0.1     0.1
C   60  HG2        0.9     0.9     1.1     0.0     0.2     0.2
C   60  HG3        1.0     1.0     1.2     0.0     0.2     0.2
C   60  HD2        0.8     0.7     0.6    -0.0    -0.1    -0.2
C   60  HD3        0.7     0.7     0.8    -0.0     0.0     0.0
C   60  HE2        1.5     1.6     1.8     0.0     0.2     0.3
C   60  HE3        1.7     1.7     1.8     0.0     0.1     0.1
C   60  HZ1        1.7     1.7     1.5     0.0    -0.2    -0.2
C   60  HZ2        2.2     2.3     2.1     0.0    -0.1    -0.1
C   60  HZ3        1.8     1.8     1.4    -0.0    -0.3    -0.3
C   63  CA         0.0     0.0     0.0     0.0     0.0     0.0
C   63  CB         0.0     0.0     0.0     0.0     0.0     0.0
C   63  CG         0.1     0.1     0.1     0.0    -0.0    -0.0
C   63  CD         0.7     0.6     0.6    -0.1     0.0    -0.1
C   63  NE         1.3     1.1     1.2    -0.2     0.0    -0.1
C   63  CZ         1.2     1.1     1.2    -0.1     0.0    -0.1
C   63  NH1        1.1     0.9     1.0    -0.2     0.1    -0.1
C   63  NH2        2.0     1.8     1.9    -0.1     0.0    -0.1
C   63  H01        0.4     0.4     0.3     0.0    -0.0    -0.0
C   63  H02        0.3     0.4     0.3     0.0    -0.0    -0.0
C   63  HA         0.3     0.4     0.3     0.0    -0.0    -0.0
C   63  HB2        0.1     0.1     0.1     0.0    -0.0    -0.0
C   63  HB3        0.1     0.1     0.1     0.0    -0.0    -0.0
C   63  HG2        0.7     0.7     0.7    -0.1     0.0    -0.1
C   63  HG3        0.7     0.5     0.6    -0.1     0.1    -0.0
C   63  HD2        0.8     0.7     0.7    -0.1    -0.0    -0.1
C   63  HD3        1.0     0.8     0.9    -0.2     0.1    -0.1
C   63  HE         1.9     1.6     1.7    -0.3     0.1    -0.2
C   63  HH11       1.5     1.3     1.4    -0.2     0.2    -0.1
C   63  HH12       1.3     1.1     1.2    -0.3     0.2    -0.1
C   63  HH21       2.9     2.7     2.7    -0.2     0.1    -0.1
C   63  HH22       2.0     1.9     1.9    -0.1     0.0    -0.1
C   73  CA         0.0     0.0     0.0     0.0     0.0     0.0
C   73  C          0.1     0.1     0.1     0.0     0.0     0.0
C   73  O          0.3     0.3     0.3     0.0    -0.0     0.0
C   73  H01        0.2     0.2     0.2     0.0     0.0     0.0
C   73  H03        0.3     0.3     0.3     0.0     0.0     0.0
C   73  HA         0.3     0.3     0.3     0.0     0.0     0.0
C   74  N          0.2     0.2     0.1    -0.0    -0.0    -0.0
C   74  CA         0.0     0.0     0.0     0.0     0.0     0.0
C   74  C          0.1     0.1     0.1    -0.0    -0.0    -0.0
C   74  O          0.5     0.5     0.5    -0.0    -0.0    -0.1
C   74  CB         0.4     0.3     0.3    -0.0    -0.1    -0.1
C   74  CG2        0.2     0.2     0.1    -0.1    -0.0    -0.1
C   74  OG1        0.6     0.5     0.5    -0.0    -0.1    -0.1
C   74  H          0.1     0.1     0.1    -0.0    -0.0    -0.0
C   74  HA         0.3     0.3     0.2    -0.0    -0.0    -0.0
C   74  HB         0.8     0.8     0.7    -0.0    -0.1    -0.1
C   74  HG1        0.7     0.6     0.5    -0.1    -0.1    -0.2
C   74  HG21       0.4     0.3     0.2    -0.1    -0.1    -0.2
C   74  HG22       0.4     0.4     0.4    -0.0     0.0     0.0
C   74  HG23       0.1     0.1     0.2     0.0     0.1     0.1
C   75  N          0.3     0.2     0.2    -0.0    -0.0    -0.0
C   75  CA         0.0     0.0     0.0     0.0     0.0     0.0
C   75  H01        1.1     1.1     1.2     0.0     0.1     0.1
C   75  H02        1.0     1.1     1.1     0.0     0.1     0.1
C   75  H          0.9     0.9     0.8    -0.0    -0.0    -0.1
C   75  HA         1.1     1.1     1.2     0.0     0.1     0.1
