A-203   170     231     0       34      142     577     
A-7     0       0       0       0       0       0       
A-7     4       35      0       15      88      142     
A-90    0       0       0       0       0       0       
A-90    47      43      0       0       23      113     
C-74    10      36      0       8       0       54      
C-74    20      15      0       0       0       35      
C-73    3       36      0       11      0       50      
C-73    0       0       0       0       0       0       
A-108   0       0       0       0       0       0       
A-108   0       18      0       0       31      49      
C-75    9       27      0       0       0       36      
C-75    0       0       0       0       0       0       
A-115   0       0       0       0       0       0       
A-115   27      8       0       0       0       35      
C-60    0       0       0       0       0       0       
C-60    24      11      0       0       0       35      
A-210   11      0       0       0       0       11      
A-210   4       2       0       0       0       6       
C-59    0       0       0       0       0       0       
C-59    11      0       0       0       0       11      
